#4u 1543-47
#All NICER
# obs id	MJD		day 	T_in		err 1   err 2		norm    err 1 		err 2		Flux_tot(0.8-10)  error
4202230101	59377.1458	7.14580	1.148500	1.1469	1.1499		5628.80	5595.8804	5663.4376	1.47538635E-07	9.74896000E-11
4202230102	59378.0503	8.05030	1.256200	1.255	1.2575		5827.36	5799.1723	5854.2507	2.24908223E-07	1.40031250E-10
4202230103	59379.7419	9.74190	1.308900	1.3072	1.3106		6340.22	6303.9974	6376.5035	2.93102291E-07	3.31880500E-10
4202230106	59382.0526	12.0526	1.290700	1.2868	1.2967		6054.72	5953.3068	6126.7377	2.61719232E-07	2.45695700E-10
4655060101	59382.4399	12.4399	1.286500	1.2849	1.2882		6060.17	6024.8036	6094.3074	2.59510703E-07	1.83662200E-10
4202230107	59383.1011	13.1011	1.287900	1.2794	1.3003		5810.48	5628.895	5948.2232	2.46953006E-07	3.58334700E-10
4202230108	59384.1187	14.1187	1.25910		1.2571	1.2613		5942.40	5897.077	5982.3242	2.30967365E-07	1.10487100E-10
4202230109	59385.0221	15.0221	1.232300	1.231	1.2335		5983.64	5955.5725	6012.0824	2.12784238E-07	8.50976500E-11
4202230110	59386.0550	16.0550	1.207900	1.206	1.2105		6047.43	5993.378	6089.7142	1.96365936E-07	1.99857700E-10
4202230112	59388.1850	18.1850	1.170300	1.1685	1.1719		6161.77	6123.4833	6197.31	 	1.75008085E-07	1.37061500E-10
4202230113	59389.0298	19.0298	1.162900	1.1618	1.1641		6038.36	6009.1231	6067.4668	1.66599539E-07	8.72240000E-11
4655060201	59389.4762	19.4762	1.160900	1.1596	1.1622		6053.86	6021.3804	6085.8101	1.65868618E-07	1.22860700E-10
4202230115	59391.0902	21.0902	1.171100	1.1652	1.1792		5407.27	5280.3993	5508.4214	1.52141952E-07	1.19987100E-10
4202230116	59392.2681	22.2681	1.139900	1.1387	1.1412		5717.82	5686.9348	5746.7807	1.44278661E-07	9.20283000E-11
4202230117	59393.1560	23.1560	1.133700	1.1326	1.1348		5766.38	5739.8476	5793.7892	1.42159189E-07	1.24653850E-10
4202230118	59393.9949	23.9949	1.126300	1.125	1.1276		5686.31	5656.1325	5718.1901	1.36213013E-07	1.14492850E-10
4202230119	59395.0277	25.0277	1.100500	1.0982	1.1064		5904.91	5781.3727	5961.3113	1.27568240E-07	1.24575200E-10
4202230120	59396.1273	26.1273	1.090000	1.0884	1.0916		5889.79	5849.7776	5930.0913	1.22237565E-07	1.37228450E-10
4655060301	59396.1907	26.1907	1.085500	1.0844	1.0865		6023.18	5993.7063	6052.9627	1.22490095E-07	9.37787500E-11
4202230121	59398.1296	28.1296	1.084600	1.0831	1.0861		5895.23	5857.568	5932.9828	1.19681998E-07	1.96213000E-10
4202230122	59399.1629	29.1629	1.078600	1.0775	1.0798		5850.13	5819.4498	5881.1522	1.15730022E-07	8.00976500E-11
4202230123	59400.1322	30.1322	1.095300	1.0903	1.1024		5392.93	5272.1554	5486.1934	1.13131013E-07	1.48215750E-10
4202230124	59401.1171	31.1171	1.084500	1.0802	1.0902		5408.27	5305.255	5491.4782	1.08744071E-07	8.36496000E-11
4655060401	59406.1983	36.1983	1.060100	1.0563	1.065		5552.27	5457.1835	5632.6233	1.00979754E-07	1.10188800E-10
4202230127	59407.1740	37.1740	1.056200	1.0519	1.0614		5524.58	5422.695	5613.6595	9.87967908E-08	1.28346180E-10
4202230128	59408.2113	38.2113	1.024200	1.0233	1.0251		5918.28	5891.5237	5944.6924	9.30847970E-08	4.54809150E-11
4202230129	59409.1668	39.1668	1.037400	1.0341	1.0417		5565.98	5478.4393	5640.4412	9.20366127E-08	8.53998800E-11
4202230130	59411.2323	41.2323	1.020500	1.018	1.0236		5784.13	5712.5261	5845.3601	8.91883566E-08	1.03575650E-10
4202230131	59412.7169	42.7169	1.013000	1.0117	1.0144		5922.21	5885.3749	5958.7388	8.86402795E-08	6.68923250E-11
4202230133	59413.3622	43.3622	1.006600	1.0053	1.0079		5941.22	5904.3863	5978.1908	8.63387005E-08	8.48446250E-11
4202230134	59414.0068	44.0068	1.004100	1.0028	1.0053		5858.76	5822.8286	5894.7496	8.42768431E-08	9.66651600E-11
4202230135	59415.1125	45.1125	0.995100	0.9942	0.996		5994.66	5966.1302	6023.1427	8.26565150E-08	2.36666150E-11
4202230136	59416.5891	46.5891	0.990700	0.9897	0.9916		6020.41	5991.0702	6049.5664	8.13313688E-08	1.35214139E-09
4202230137	59425.8029	55.8029	0.988200	0.9873	0.9891		6035.22	6006.6342	6063.2765	8.06348172E-08	7.85367200E-11
4202230140	59427.2256	57.2256	0.958600	0.9577	0.9594		5929.06	5901.0328	5957.6768	6.91777912E-08	3.54631650E-11
4202230141	59428.1298	58.1298	0.960700	0.9597	0.9616		5879.75	5850.1135	5909.4005	6.92909164E-08	5.56257200E-11
4202230142	59429.0986	59.0986	0.973600	0.9711	0.9764		5508.33	5440.6744	5568.5031	6.88382400E-08	3.96244400E-11
4202230143	59430.3083	60.3083	0.968700	0.9657	0.9727		5534.24	5444.9098	5609.1309	6.76577079E-08	9.53471100E-11
4202230145	59431.0870	61.0870	0.958700	0.9576	0.9599		5785.63	5750.5452	5820.3808	6.76767314E-08	4.32663600E-11
4202230146	59432.6476	62.6476	0.953000	0.9519	0.9541		5800.29	5766.3725	5833.6916	6.59784025E-08	4.57506150E-11
4202230147	59433.1684	63.1684	0.966600	0.9623	0.9754		5540.96	5381.8854	5638.8206	6.69008750E-08	1.52489140E-10
4202230148	59443.2937	73.2937	0.954800	0.9537	0.9559		5820.54	5786.8879	5853.7353	6.67093570E-08	8.71795000E-11
4202230151	59451.9443	81.9443	0.944500	0.9435	0.9455		5968.21	5936.2582	5999.669 	6.50959706E-08	9.41744000E-11
4202230158	59453.6247	83.6247	0.933200	0.9321	0.9343		5849.18	5813.5539	5884.9979	6.07484790E-08	8.04374950E-11
4202230161	59454.0122	84.0122	0.919200	0.9181	0.9204		5965.03	5928.1551	6002.4605	5.76136872E-08	9.13407000E-11
4202230162	59459.9992	89.9992	0.921900	0.92	0.9241		5790.84	5730.2728	5845.894 	5.66106580E-08	4.94309550E-11
4202230165	59461.0488	91.0488	0.915400	0.9143	0.9165		5931.84	5894.7439	5968.4657	5.62344507E-08	5.95422150E-11
4202230166	59464.1972	94.1972	0.911000	0.9102	0.9119		5934.96	5905.0448	5965.1573	5.50611941E-08	3.92530050E-11
4202230167	59466.0695	96.0695	0.906000	0.9051	0.907		6022.23	5989.5203	6053.8684	5.43811879E-08	5.38354100E-11
4202230168	59468.5874	98.5874	0.918200	0.9173	0.919		5777.13	5748.419	5806.2504	5.57285238E-08	6.27951500E-11
4202230171	59471.4324	101.432	0.911300	0.9103	0.9123		5835.00	5802.059	5867.7865	5.42278190E-08	5.13318550E-11

